max_bar_hang: 150
max_bar_hang_score: 5
max_core: assisted_front_lever_5
max_core_score: 6.5
max_finger_strength: 148.78048780487805
max_finger_strength_score: 5
max_no_hang: 170.73170731707316
max_no_hang_score: 7.5
max_oap: 182.9268292682927
max_oap_score: 8
max_pull_up: 185.36585365853657
max_pull_up_score: 8
total: 24.5
total_score: 8a+
total_score_aus: 30
