max_bar_hang: 150
max_bar_hang_score: 5
max_core: assisted_front_lever_5
max_core_score: 6.5
max_finger_strength: 154.8780487804878
max_finger_strength_score: 6
max_no_hang: 182.9268292682927
max_no_hang_score: 8
max_oap: 182.9268292682927
max_oap_score: 8
max_pull_up: 191.46341463414635
max_pull_up_score: 8.5
total: 26.0
total_score: 8b
total_score_aus: 31
